0 0.326536 0.549402 0.159423 0.466265
0 0.654779 0.711427 0.244576 0.551402
0 0.204398 0.691308 0.288070 0.446693
0 0.469759 0.580719 0.136133 0.441939
0 0.173987 0.341122 0.182806 0.409849
0 0.495609 0.309699 0.270379 0.179350
0 0.072755 0.491567 0.143980 0.350675
0 0.130793 0.835346 0.261197 0.329308
0 0.420387 0.178277 0.363467 0.141310
0 0.406291 0.904787 0.277748 0.190020
0 0.301982 0.078483 0.432514 0.147479
0 0.634268 0.189681 0.221133 0.201422
0 0.566340 0.080342 0.182639 0.134390
0 0.692887 0.267854 0.224749 0.143749
0 0.051865 0.301880 0.103730 0.112103
0 0.687940 0.402777 0.139364 0.145989
0 0.315676 0.252148 0.175085 0.142525